22 10 1
0.221 0.727 0.901 0.114 0.404 0.822 0.241 0.493 0.150 0.813 0.172 0.988 0.815 0.132 0.329 0.649 0.637 0.804 0.276 0.018 0.650 0.523 0.709
0.101 0.877 0.332 0.812 0.653 0.844 0.777 0.313 0.997 0.749 0.332 0.410 0.967 0.982 0.492 0.619 0.769 0.631 0.934 0.971 0.162 0.669 0.083
0.368 0.297 0.717 0.101 0.038 0.320 0.781 0.141 0.861 0.266 0.216 0.441 0.557 0.572 0.074 0.041 0.466 0.219 0.252 0.929 0.152 0.740 0.222
0.728 0.816 0.149 0.771 0.844 0.996 0.729 0.914 0.391 0.558 0.023 0.425 0.514 0.280 0.564 0.146 0.140 0.933 0.149 0.747 0.366 0.661 0.844
0.750 0.347 0.562 0.786 0.230 0.819 0.757 0.066 0.477 0.910 0.182 0.797 0.470 0.805 0.562 0.018 0.342 0.858 0.571 0.820 0.837 0.170 0.046
0.370 0.761 0.440 0.081 0.838 0.511 0.753 0.386 0.873 0.793 0.467 0.752 0.879 0.043 0.606 0.661 0.317 0.210 0.499 0.154 0.313 0.284 0.086
0.715 0.305 0.011 0.333 0.016 0.042 0.432 0.691 0.644 0.193 0.294 0.831 0.707 0.827 0.444 0.934 0.229 0.730 0.996 0.474 0.765 0.610 0.168
0.335 0.276 0.366 0.430 0.174 0.009 0.878 0.739 0.633 0.279 0.517 0.805 0.750 0.568 0.603 0.386 0.741 0.552 0.565 0.181 0.513 0.758 0.694
0.488 0.674 0.814 0.022 0.233 0.851 0.689 0.231 0.358 0.743 0.708 0.035 0.850 0.557 0.590 0.922 0.177 0.406 0.884 0.647 0.152 0.808 0.093
0.925 0.729 0.663 0.184 0.554 0.182 0.871 0.683 0.719 0.070 0.752 0.886 0.851 0.836 0.549 0.926 0.844 0.230 0.141 0.843 0.070 0.280 0.816
0.413 0.379 0.522 0.255 0.725 0.468 0.466 0.417 -0.058 0.120 -0.096
